SRR11647698.sorted <- c(0.0,0.023930151634351877,0.05112543995083617,0.07324045646189509,0.09510353081348107,0.11524724738444997,0.13205757538393093,0.14904021833863668,0.16476413354788208,0.17621205384540414,0.1891662905322833,0.20165975674801936,0.21737959931366124,0.22998204385478807,0.24176630833956636,0.2564707987240548,0.2689846281578085,0.2792138449659738,0.2898126892901551,0.30011128147556654,0.3084805640808001,0.3218122926989297,0.33394525973776107,0.3461817280985164,0.356521889335881,0.36856820737114787,0.3765814847510393,0.3914148953709771,0.4003300526550687,0.40822971732202057,0.41385347639453635,0.4254033532181328,0.4342034934294215,0.44743733816508025,0.45596208340717925,0.46462698376363387,0.4700339096732588,0.4753988452229716,0.48563185380276774,0.4939664487193783,0.5061682293915105,0.5107985442967401,0.5234870760974861,0.5350536648034556,0.5435279935264627,0.5537795396564542,0.5636454485679883,0.572030600439677,0.5867119188864213,0.5995736082583101,0.6129438163366936,0.6192194792577452,0.6357649449870111,0.6428603327602609,0.6556202060420617,0.6686928302654156,0.6795687547906226,0.6857369841821331,0.7004465302621294,0.7048824817622806,0.7198341394827068,0.7280733783646005,0.7433928379332204,0.756503379872883,0.772830327207422,0.7879451715439617,0.7962330012771248,0.8109026635370039,0.821201536594388,0.8326752971133945,0.8465673653169739,0.8568611826788501,0.8690675977385313,0.8854869519520743,0.9015811968572673,0.9152067175587957,0.9275205661480178,0.939235033947591,0.9499494570885204,0.9636339609043066,0.9682738254566066,0.978857362258278,0.9819227989678517,0.9909981937123439,0.9903780283967182,0.9939205261518489,0.9919254925300695,1.0,0.9950581980770943,0.989968517060585,0.9748717889662816,0.9535127393696278,0.9252037936815602,0.8853748840349843,0.838676688553147,0.7753915987260771,0.6971398245280438,0.602193862891223,0.4852623667227381,0.3294073517115355)
SRR11647700.sorted <- c(0.0,0.05122988782637941,0.10850996874546631,0.15231306537643274,0.19592317554871228,0.23672966962997793,0.2690399300380622,0.30017836276006565,0.3282887046513214,0.35353824927861893,0.3760689836761274,0.39529344856369975,0.42082851269644195,0.44123079383888314,0.45788538999781514,0.47986633514465,0.4978254734011922,0.5159283373086483,0.5305956945281288,0.5477925459318397,0.5635894244966076,0.5785904029514758,0.5966078814587922,0.6129371631067845,0.6284585675073008,0.6431266974453345,0.6499096209062095,0.6659640079288651,0.6752424259576253,0.6862243020371372,0.687824408981385,0.6997383768158162,0.7099993064850985,0.7242826225835883,0.7325516770020993,0.742040081297719,0.7448139477244308,0.7523321128887716,0.7603015456882402,0.7640310717857468,0.7742419679287028,0.7733987388074133,0.7828828931509898,0.7930812326174547,0.7999864387893896,0.8062568566697879,0.8090554500902052,0.8147096249243461,0.8260427015863332,0.8356601498803542,0.8455144364109619,0.8488133650946416,0.8590205908244695,0.8566987647514387,0.864703742604359,0.8689915578566255,0.8724386553229008,0.873383883293226,0.8793680089496263,0.8777926289990842,0.8877937320548189,0.8932777156275953,0.9036769619179184,0.9141631390454878,0.9248898248227722,0.9337880653233084,0.9368149970762262,0.9435809207289286,0.9475965458707949,0.9548815432116772,0.9608021127670684,0.9628106014667357,0.9643069709452029,0.975189745870254,0.9832397345789041,0.9881142363927643,0.9910642826496288,0.9942177470656496,0.9958217176026639,1.0,0.9940463967264551,0.9929052846028681,0.9890482599440668,0.9905724472904527,0.9870801457888094,0.9823810510865485,0.9639949858293076,0.9536724318553996,0.9276011010466666,0.9033543519219153,0.8729843878011695,0.8389697034441418,0.803032108967225,0.7609118001657095,0.7088475694814035,0.6505884541552843,0.5846415619423749,0.4981938669714784,0.3960870305179397,0.2633007561630583)
SRR11647686.sorted <- c(0.0,0.06464558367384313,0.139371859584063,0.19118245601986975,0.24260550080692236,0.2916034291339033,0.32620952511760465,0.36158019434810973,0.3944080852476279,0.4223092859023223,0.4480928017946869,0.4700422346598908,0.49330883951973814,0.5193063901383786,0.5342547127699756,0.558570888988085,0.5722798704345935,0.588974121255823,0.6003838890224221,0.6191047167759731,0.6337206560679417,0.6485357506667124,0.6679380558321601,0.6836470601700833,0.6999620002518055,0.71444081997047,0.7209346564570958,0.7336222229852694,0.7429687875562271,0.7551740319793062,0.7547603841179366,0.7644510066499559,0.7743304833522188,0.7878512973709211,0.7951392370291522,0.8006581281690303,0.8022474790829699,0.8075047213542561,0.8148322631597019,0.8192370291522164,0.8265068845929334,0.8283253785667686,0.8357083175954858,0.8444709221806361,0.8474822877679726,0.8567798647117398,0.8597736039098536,0.8631878583937095,0.8732834300495599,0.8830530279618629,0.8950275269260264,0.9024136707527841,0.9151827307168446,0.9134542000022892,0.9234408085247627,0.9245123556410169,0.9237681557531847,0.9256631070517003,0.9285476542022915,0.9245794274857215,0.9329970584532271,0.9353235129164806,0.9469697489956392,0.9551200082409093,0.9653948196728817,0.9735352356098845,0.9733395140152685,0.9757934736577046,0.9739278233698452,0.9791784271309045,0.9795133285261363,0.9775616065194749,0.9796657853472055,0.9898471998077121,0.9959928578786527,0.998901898842839,1.0,0.9994311483478121,0.9939122572079342,0.9986365873479152,0.9897235861690074,0.9895425150797194,0.9809202348659135,0.9719408485847383,0.9602403598530371,0.9388742002312033,0.9078263457290343,0.8850006295139008,0.8574718721743411,0.8271096155386922,0.7841637193970401,0.7437823484302213,0.7136112351062734,0.6712724192791494,0.6212777987615745,0.5643033570259475,0.504087948814797,0.43020384804679007,0.3430717989218144,0.22783527338071857)
SRR11647690.sorted <- c(0.0,0.06065817937848872,0.12847612389143595,0.1790821333587352,0.2238856930726739,0.2686182999825754,0.302958869129905,0.3375728613756651,0.3694669307992598,0.39894429283672644,0.42597437114157377,0.4495063978064999,0.4772616843294068,0.5032862712400257,0.5213004433766243,0.5458550136290145,0.5640542118623288,0.5841916760600732,0.601159588340455,0.621064397901757,0.6375276044628138,0.654024131401457,0.6759614839955367,0.6921083429717425,0.7082438338191248,0.7276149293323791,0.7355451791979707,0.7526516650486683,0.7641581714403988,0.7760741264720011,0.7787709210320771,0.7930669310344625,0.8060842225464099,0.8196726645306345,0.8275239255011237,0.8334435845827005,0.8324041848042222,0.8379582997434527,0.847707646223047,0.8519979388406429,0.8607510060304003,0.8637900204685119,0.8737698655601165,0.8837189383030088,0.8875000171501943,0.8949922020516337,0.8995020171568584,0.9012013564137709,0.9136373053379441,0.9223211837436542,0.9320040854702966,0.935322991080135,0.9475507856455029,0.943669941667779,0.9522356307341675,0.9528108972530877,0.9531546851488921,0.9535029810957818,0.9560925624409176,0.9527334763757543,0.9616164930380992,0.9645014497304284,0.9733877984305318,0.9796381132590994,0.9873645208147499,0.9919986013281502,0.9917800588516269,0.9927698700681676,0.9898535530204629,0.9924170660701928,0.9922947606842281,0.9895036890558043,0.9900750355303026,0.9957193114912378,1.0,0.9989856885058221,0.9977924269837826,0.9961458123243453,0.9927365496905811,0.9928712032164748,0.9834440843883643,0.9805567756693819,0.970602606868741,0.9620917984242597,0.9507391537760906,0.9356354186205638,0.911111620716886,0.8920578527995879,0.8619472075857564,0.829363994352784,0.787004386333706,0.7444334879202851,0.7057926300420836,0.6578187344018982,0.6062509420356752,0.5489073562181607,0.48699966268017747,0.41459075814247126,0.33053618563605563,0.22387608896384015)
